kinematics:
  shoulder:
    x: 0
    y: 0
    z: 0.1519270250762965
    roll: -0
    pitch: 0
    yaw: -4.929893711279332e-07
  upper_arm:
    x: -1.470451210022339e-05
    y: 0
    z: 0
    roll: 1.57094645718173
    pitch: 0
    yaw: 9.92698224744288e-06
  forearm:
    x: -0.2436903428140306
    y: 0
    z: 0
    roll: 3.133201230932699
    pitch: 3.140429490460414
    yaw: -3.141591895812986
  wrist_1:
    x: -0.2132227860894222
    y: 0.0002591341754915452
    z: 0.1312564543813808
    roll: 3.139618397618625
    pitch: -3.140966157778025
    yaw: 3.141590693319119
  wrist_2:
    x: 0.0001824324296617806
    y: -0.0853768982629593
    z: 1.911844545213337e-05
    roll: 1.570572396838181
    pitch: 0
    yaw: 3.80074629407201e-05
  wrist_3:
    x: -0.0001058528777193588
    y: 0.09192544564717169
    z: -4.187942677583138e-05
    roll: 1.570340746475611
    pitch: 3.141592653589793
    yaw: 3.141592636301272
  hash: calib_6278297028961675744