kinematics:
  shoulder:
    x: 0
    y: 0
    z: 0.162527503425884
    roll: -0
    pitch: 0
    yaw: -7.361446639764235e-09
  upper_arm:
    x: 0.0001206784038760131
    y: 0
    z: 0
    roll: 1.569710870741367
    pitch: 0
    yaw: 2.385516729064638e-06
  forearm:
    x: -0.4253192101150627
    y: 0
    z: 0
    roll: 3.138388583710019
    pitch: 3.13956650530434
    yaw: 3.141592332260779
  wrist_1:
    x: -0.3922901904664912
    y: -0.0001529177660136029
    z: 0.13383814569515
    roll: 0.001142556919612718
    pitch: -0.0003174403068244713
    yaw: 8.393580760403208e-07
  wrist_2:
    x: -3.137126595938113e-05
    y: -0.09973789906071193
    z: -1.449803983354876e-05
    roll: 1.570941688185782
    pitch: 0
    yaw: 5.598117080243826e-06
  wrist_3:
    x: 1.348931703677846e-05
    y: 0.09957303517457239
    z: 3.490950888324751e-05
    roll: 1.571146918773857
    pitch: 3.141592653589793
    yaw: -3.141592311142355
  hash: calib_11952285359806768437